n = 20, Median = 551, Time taken = 0.02 ms
Array: [705, 205, 943, 478, 100, 71, 2, 648, 791, 780, 551, 902, 383, 556, 402, 399, 678, 211, 432, 641]
n = 50, Median = 377, Time taken = 0.05 ms
Array: [341, 525, 900, 226, 442, 64, 533, 156, 637, 189, 905, 629, 928, 857, 14, 112, 344, 765, 103, 377, 285, 933, 221, 296, 18, 793, 10, 504, 933, 761, 209, 80, 142, 305, 581, 772, 312, 166, 682, 517, 189, 133, 383, 233, 712, 261, 581, 759, 114, 733]
n = 100, Median = 496, Time taken = 0.10 ms
Array: [856, 101, 867, 772, 493, 860, 940, 98, 413, 11, 218, 581, 883, 496, 830, 663, 139, 280, 758, 146, 841, 297, 211, 27, 244, 165, 598, 837, 872, 755, 755, 617, 948, 525, 428, 66, 219, 284, 202, 137, 106, 200, 258, 154, 332, 487, 676, 920, 993, 319, 340, 321, 154, 112, 138, 84, 154, 300, 7, 227, 962, 228, 810, 924, 4, 916, 289, 553, 772, 892, 637, 41, 255, 924, 218, 815, 647, 245, 341, 819, 796, 91, 796, 207, 56, 965, 309, 141, 668, 819, 515, 572, 767, 567, 538, 806, 524, 789, 969, 890]
n = 200, Median = 522, Time taken = 0.40 ms
Array: [839, 537, 366, 891, 219, 950, 455, 843, 521, 575, 143, 765, 274, 655, 772, 698, 737, 73, 900, 337, 732, 300, 517, 634, 959, 348, 570, 232, 858, 889, 550, 163, 601, 474, 483, 237, 982, 411, 255, 663, 485, 799, 66, 816, 186, 340, 601, 861, 926, 328, 275, 889, 359, 476, 355, 491, 321, 705, 340, 528, 796, 815, 973, 116, 97, 43, 581, 517, 59, 15, 122, 278, 981, 543, 602, 606, 204, 135, 816, 809, 721, 672, 619, 980, 178, 505, 475, 774, 222, 451, 218, 448, 626, 335, 199, 755, 689, 675, 932, 215, 9, 124, 511, 368, 606, 879, 494, 134, 689, 483, 18, 896, 885, 748, 680, 960, 861, 113, 58, 967, 730, 992, 835, 861, 642, 13, 134, 12, 84, 754, 273, 589, 525, 601, 108, 145, 733, 471, 628, 731, 752, 577, 170, 354, 913, 342, 298, 684, 65, 409, 708, 770, 729, 309, 101, 310, 590, 867, 138, 147, 425, 390, 70, 138, 697, 530, 537, 596, 355, 47, 202, 202, 394, 34, 939, 165, 264, 928, 407, 151, 477, 718, 522, 56, 816, 989, 993, 567, 881, 896, 215, 746, 414, 473, 324, 722, 984, 335, 552, 735]
n = 300, Median = 531, Time taken = 0.20 ms
Array: [438, 129, 550, 909, 753, 676, 176, 639, 536, 35, 134, 382, 381, 952, 300, 629, 12, 146, 747, 520, 724, 5, 740, 964, 43, 548, 46, 283, 321, 757, 981, 103, 789, 605, 766, 511, 861, 249, 506, 754, 85, 204, 454, 579, 901, 559, 651, 750, 636, 162, 571, 193, 900, 67, 920, 822, 320, 266, 293, 553, 41, 728, 768, 855, 630, 723, 5, 161, 576, 174, 279, 827, 128, 680, 785, 739, 697, 947, 625, 199, 811, 818, 627, 716, 273, 2, 164, 65, 704, 766, 461, 724, 649, 758, 279, 372, 190, 451, 339, 181, 676, 988, 467, 753, 361, 828, 642, 65, 81, 306, 817, 26, 76, 615, 155, 843, 448, 545, 900, 6, 925, 620, 738, 767, 547, 123, 776, 28, 668, 153, 843, 362, 524, 673, 107, 744, 470, 838, 71, 173, 331, 905, 481, 260, 700, 783, 800, 245, 945, 347, 500, 547, 597, 233, 954, 567, 781, 617, 141, 327, 512, 961, 668, 55, 676, 48, 746, 624, 141, 393, 140, 744, 104, 943, 28, 463, 866, 751, 564, 937, 827, 351, 762, 376, 378, 32, 609, 22, 614, 794, 795, 533, 176, 674, 794, 744, 495, 428, 721, 373, 648, 194, 685, 944, 636, 962, 633, 11, 219, 665, 617, 711, 621, 332, 338, 536, 117, 724, 514, 119, 435, 429, 550, 431, 461, 656, 15, 845, 371, 69, 55, 325, 396, 609, 704, 195, 216, 658, 147, 10, 557, 119, 266, 30, 495, 454, 677, 967, 757, 423, 744, 785, 639, 559, 531, 124, 240, 289, 546, 219, 777, 182, 451, 29, 241, 939, 104, 186, 394, 606, 870, 878, 975, 847, 789, 596, 508, 990, 253, 58, 449, 638, 898, 978, 353, 82, 103, 207, 644, 36, 53, 64, 112, 120, 317, 219, 432, 301, 457, 903]
n = 400, Median = 450, Time taken = 0.52 ms
Array: [98, 721, 94, 508, 224, 976, 119, 144, 628, 220, 107, 905, 988, 264, 93, 358, 429, 259, 777, 300, 995, 823, 202, 77, 292, 44, 392, 64, 292, 432, 450, 79, 154, 590, 501, 568, 851, 386, 708, 339, 758, 931, 801, 955, 476, 971, 677, 394, 853, 566, 777, 529, 510, 257, 704, 959, 747, 27, 478, 327, 39, 20, 44, 273, 118, 956, 560, 770, 230, 513, 726, 869, 425, 949, 183, 288, 155, 678, 715, 58, 583, 445, 687, 480, 189, 946, 903, 308, 498, 167, 983, 737, 6, 247, 296, 75, 88, 14, 169, 493, 110, 785, 950, 973, 719, 990, 132, 385, 59, 546, 500, 716, 738, 477, 700, 647, 573, 549, 502, 696, 838, 304, 123, 374, 688, 184, 78, 7, 650, 713, 387, 423, 605, 344, 647, 51, 619, 118, 66, 892, 219, 217, 291, 96, 281, 26, 367, 889, 133, 623, 11, 682, 466, 10, 126, 771, 337, 56, 533, 911, 252, 604, 400, 711, 922, 162, 468, 282, 0, 57, 26, 19, 87, 898, 989, 510, 54, 893, 217, 510, 660, 552, 408, 893, 188, 995, 102, 807, 481, 948, 382, 586, 157, 413, 293, 629, 848, 79, 121, 907, 635, 608, 321, 75, 74, 682, 304, 101, 901, 301, 784, 194, 717, 572, 726, 265, 156, 295, 529, 101, 23, 961, 206, 240, 802, 158, 295, 439, 50, 866, 347, 194, 562, 86, 621, 491, 969, 8, 157, 564, 199, 79, 703, 883, 269, 947, 936, 504, 817, 770, 1, 764, 101, 306, 363, 262, 980, 508, 785, 275, 450, 413, 390, 160, 110, 954, 631, 391, 897, 622, 630, 319, 116, 415, 305, 235, 578, 895, 715, 950, 292, 966, 7, 426, 308, 944, 556, 471, 246, 142, 283, 245, 34, 998, 979, 222, 980, 940, 387, 665, 56, 636, 648, 549, 911, 147, 58, 265, 261, 494, 805, 854, 12, 763, 365, 38, 904, 505, 74, 92, 840, 262, 737, 388, 418, 384, 330, 113, 807, 804, 180, 971, 312, 177, 913, 265, 875, 418, 984, 997, 360, 46, 176, 548, 220, 906, 652, 200, 978, 997, 558, 679, 98, 685, 525, 981, 330, 169, 678, 364, 333, 331, 488, 980, 712, 559, 990, 537, 742, 465, 208, 491, 912, 948, 119, 62, 249, 809, 122, 137, 143, 547, 324, 532, 956, 638, 623, 230, 396, 10, 829, 71, 805, 508, 204, 298, 664, 808, 745, 778]
n = 500, Median = 513, Time taken = 0.24 ms
Array: [257, 378, 998, 537, 586, 105, 429, 60, 258, 917, 490, 323, 123, 724, 343, 226, 492, 292, 285, 559, 539, 574, 203, 579, 576, 232, 612, 589, 949, 898, 993, 824, 193, 548, 946, 946, 0, 869, 10, 758, 756, 683, 289, 258, 843, 896, 618, 780, 107, 613, 934, 844, 567, 266, 804, 227, 770, 194, 857, 378, 739, 628, 454, 635, 896, 418, 34, 72, 234, 999, 950, 964, 675, 458, 844, 255, 311, 417, 556, 849, 98, 708, 116, 582, 302, 850, 919, 269, 900, 714, 412, 353, 810, 271, 29, 31, 167, 384, 613, 359, 711, 838, 516, 971, 81, 808, 834, 16, 257, 979, 197, 668, 69, 638, 129, 15, 23, 149, 445, 353, 785, 100, 287, 0, 449, 692, 729, 613, 69, 908, 523, 780, 293, 158, 627, 718, 988, 47, 149, 842, 654, 840, 813, 249, 682, 161, 25, 949, 952, 1000, 252, 932, 427, 458, 710, 778, 668, 23, 62, 730, 118, 596, 469, 428, 298, 738, 24, 42, 706, 233, 53, 105, 671, 540, 795, 345, 688, 163, 762, 585, 674, 684, 289, 531, 89, 632, 901, 353, 310, 671, 466, 824, 300, 214, 856, 839, 372, 916, 576, 118, 585, 504, 93, 633, 65, 882, 111, 115, 417, 386, 816, 31, 544, 979, 822, 357, 401, 92, 10, 523, 686, 865, 13, 957, 396, 731, 836, 740, 957, 603, 373, 868, 561, 124, 88, 636, 726, 339, 401, 669, 979, 520, 775, 507, 942, 380, 822, 166, 104, 714, 360, 897, 815, 79, 228, 229, 118, 137, 510, 840, 24, 858, 127, 660, 720, 89, 891, 517, 679, 993, 360, 555, 316, 474, 920, 343, 286, 451, 601, 173, 194, 63, 61, 410, 26, 312, 595, 513, 764, 582, 653, 680, 737, 915, 769, 60, 119, 152, 91, 392, 478, 704, 152, 279, 136, 393, 575, 170, 645, 286, 156, 550, 633, 242, 971, 347, 283, 723, 708, 501, 194, 822, 57, 507, 437, 517, 931, 317, 202, 234, 738, 106, 281, 834, 435, 743, 758, 306, 867, 513, 72, 21, 302, 995, 277, 683, 898, 251, 478, 382, 10, 606, 15, 251, 376, 868, 580, 837, 36, 248, 302, 983, 863, 602, 197, 226, 546, 289, 672, 64, 298, 906, 168, 225, 751, 767, 244, 983, 786, 924, 898, 441, 102, 539, 423, 34, 523, 483, 666, 3, 945, 915, 757, 661, 707, 361, 202, 649, 268, 75, 341, 206, 358, 735, 79, 378, 367, 74, 298, 876, 1, 667, 234, 600, 872, 146, 496, 513, 830, 739, 589, 389, 857, 427, 558, 682, 156, 43, 903, 104, 179, 293, 559, 90, 718, 943, 329, 782, 158, 675, 892, 60, 658, 568, 963, 607, 490, 395, 474, 769, 596, 154, 143, 760, 778, 916, 299, 480, 538, 808, 446, 715, 394, 944, 131, 579, 362, 657, 122, 294, 735, 147, 641, 461, 782, 551, 586, 680, 167, 312, 553, 831, 80, 252, 795, 772, 967, 140, 230, 139, 74, 778, 753, 764, 419, 591, 192, 458, 599, 695]
